[LEFT_CAM_2K]
fx=1062.95
fy=1062.05
cx=1104.96
cy=614.501
k1=-0.0438538
k2=0.0128388
k3=-0.00594279
p1=-0.000209417
p2=-0.000422791

[RIGHT_CAM_2K]
fx=1058.96
fy=1058.29
cx=1126.02
cy=627.566
k1=-0.0406834
k2=0.00947198
k3=-0.00479227
p1=-0.000495828
p2=-6.52098e-05

[LEFT_CAM_FHD]
fx=1062.95
fy=1062.05
cx=960.96
cy=533.501
k1=-0.0438538
k2=0.0128388
k3=-0.00594279
p1=-0.000209417
p2=-0.000422791

[RIGHT_CAM_FHD]
fx=1058.96
fy=1058.29
cx=982.02
cy=546.566
k1=-0.0406834
k2=0.00947198
k3=-0.00479227
p1=-0.000495828
p2=-6.52098e-05

[LEFT_CAM_HD]
fx=531.475
fy=531.025
cx=638.98
cy=355.2505
k1=-0.0438538
k2=0.0128388
k3=-0.00594279
p1=-0.000209417
p2=-0.000422791

[RIGHT_CAM_HD]
fx=529.48
fy=529.145
cx=649.51
cy=361.783
k1=-0.0406834
k2=0.00947198
k3=-0.00479227
p1=-0.000495828
p2=-6.52098e-05

[LEFT_CAM_VGA]
fx=265.7375
fy=265.5125
cx=334.99
cy=185.12525
k1=-0.0438538
k2=0.0128388
k3=-0.00594279
p1=-0.000209417
p2=-0.000422791

[RIGHT_CAM_VGA]
fx=264.74
fy=264.5725
cx=340.255
cy=188.3915
k1=-0.0406834
k2=0.00947198
k3=-0.00479227
p1=-0.000495828
p2=-6.52098e-05

[STEREO]
Baseline=119.842
TY=-0.125734
TZ=-0.118986
CV_2K=-0.00201303
CV_FHD=-0.00201303
CV_HD=-0.00201303
CV_VGA=-0.00201303
RX_2K=0.00223298
RX_FHD=0.00223298
RX_HD=0.00223298
RX_VGA=0.00223298
RZ_2K=0.000242892
RZ_FHD=0.000242892
RZ_HD=0.000242892
RZ_VGA=0.000242892

