[LEFT_CAM_2K]
fx=1057.5
fy=1057.25
cx=1129.67
cy=620.687
k1=-0.0435865
k2=0.0133733
k3=-0.00595281
p1=0.000433694
p2=-0.000390989

[RIGHT_CAM_2K]
fx=1057.83
fy=1057.84
cx=1116.53
cy=620.644
k1=-0.0423229
k2=0.012153
k3=-0.00558825
p1=1.19163e-05
p2=-3.74599e-05

[LEFT_CAM_FHD]
fx=1057.5
fy=1057.25
cx=985.67
cy=539.687
k1=-0.0435865
k2=0.0133733
k3=-0.00595281
p1=0.000433694
p2=-0.000390989

[RIGHT_CAM_FHD]
fx=1057.83
fy=1057.84
cx=972.53
cy=539.644
k1=-0.0423229
k2=0.012153
k3=-0.00558825
p1=1.19163e-05
p2=-3.74599e-05

[LEFT_CAM_HD]
fx=528.75
fy=528.625
cx=651.335
cy=358.3435
k1=-0.0435865
k2=0.0133733
k3=-0.00595281
p1=0.000433694
p2=-0.000390989

[RIGHT_CAM_HD]
fx=528.915
fy=528.92
cx=644.765
cy=358.322
k1=-0.0423229
k2=0.012153
k3=-0.00558825
p1=1.19163e-05
p2=-3.74599e-05

[LEFT_CAM_VGA]
fx=264.375
fy=264.3125
cx=341.1675
cy=186.67175
k1=-0.0435865
k2=0.0133733
k3=-0.00595281
p1=0.000433694
p2=-0.000390989

[RIGHT_CAM_VGA]
fx=264.4575
fy=264.46
cx=337.8825
cy=186.661
k1=-0.0423229
k2=0.012153
k3=-0.00558825
p1=1.19163e-05
p2=-3.74599e-05

[STEREO]
Baseline=119.932
TY=-0.0912171
TZ=-0.254659
CV_2K=-0.000573405
CV_FHD=-0.000573405
CV_HD=-0.000573405
CV_VGA=-0.000573405
RX_2K=0.00494185
RX_FHD=0.00494185
RX_HD=0.00494185
RX_VGA=0.00494185
RZ_2K=-0.000637694
RZ_FHD=-0.000637694
RZ_HD=-0.000637694
RZ_VGA=-0.000637694

